12 11 2 2 1 3 100
522.999990 479.747222 0.000000 302.367659 352.365082 0.000000
302.367659 352.365082 0.000000 226.867659 483.134918 0.000000
226.867659 483.134918 0.000000 231.830160 486.000016 0.000000
231.830160 486.000016 0.000000 107.000000 486.000000 0.000000
107.000000 486.000000 0.000000 107.000000 125.000000 0.000000
107.000000 125.000000 0.000000 523.000000 125.000000 0.000000
523.000000 125.000000 0.000000 522.999989 222.000003 0.000000
522.999989 222.000003 0.000000 641.000000 222.000000 0.000000
641.000000 222.000000 0.000000 641.000000 336.000000 0.000000
641.000000 336.000000 0.000000 522.999989 336.000004 0.000000
522.999989 336.000004 0.000000 522.999990 479.747222 0.000000
107.000000 229.282380 0.000000 522.999988 197.109714 0.000000

522.999990 479.747222 0.000000 302.367659 352.365082 0.000000 226.867659 483.134918 0.000000 231.830160 486.000016 0.000000 107.000000 486.000000 0.000000 107.000000 125.000000 0.000000 523.000000 125.000000 0.000000 522.999989 222.000003 0.000000 641.000000 222.000000 0.000000 641.000000 336.000000 0.000000 522.999989 336.000004 0.000000 
366.000005 209.251801 0.000000 312.999993 213.350723 0.000000 590.000011 336.000013 0.000000 555.000012 336.000014 0.000000 
446.999986 125.000002 0.000000 396.000001 125.000002 0.000000 290.000002 125.000002 0.000000 223.000006 125.000002 0.000000 
3 
0 
455.000000 254.000000 0.000000 413.000000 307.000000 0.000000 497.000000 307.000000 0.000000 
1.000000 0.500000 0.000000 
  