9 8 3 6 0 15 150
169.238003 537.000000 0.000000 95.000002 408.416013 0.000000
95.000002 408.416013 0.000000 95.000003 250.858980 0.000000
95.000003 250.858980 0.000000 210.965991 50.000000 0.000000
210.965991 50.000000 0.000000 525.864124 50.000000 0.000000
525.864124 50.000000 0.000000 649.000020 263.277607 0.000000
649.000020 263.277607 0.000000 649.000035 416.540343 0.000000
649.000035 416.540343 0.000000 579.452566 537.000000 0.000000
579.452566 537.000000 0.000000 169.238003 537.000000 0.000000
163.170236 526.490320 -0.000000 502.906119 50.000000 -0.000000

169.238003 537.000000 0.000000 95.000002 408.416013 0.000000 95.000003 250.858980 0.000000 210.965991 50.000000 0.000000 525.864124 50.000000 0.000000 649.000020 263.277607 0.000000 649.000035 416.540343 0.000000 579.452566 537.000000 0.000000 
628.527375 452.000000 -0.000000 598.505137 504.000000 -0.000000 6 279.025249 364.000000 -0.000000 236.245465 424.000000 -0.000000 8 175.747624 111.000000 -0.000000 143.993359 166.000000 -0.000000 2 
343.000010 537.000000 -0.000000 286.999996 537.000000 -0.000000 7 518.999979 537.000000 -0.000000 454.999985 537.000000 -0.000000 7 609.579921 195.000000 -0.000000 575.999993 136.837864 -0.000000 4 420.911533 165.000000 -0.000000 387.400702 212.000000 -0.000000 8 357.999994 50.000000 -0.000000 298.000004 50.000000 -0.000000 3 140.947839 488.000000 -0.000000 110.000000 434.396771 -0.000000 0 





422.000793 65.229019 231.962479 419.951080 69.789581 226.962479 0.000000 0.000000 1.000000 -4.290000 -1.570796 1.000000 15 150 0 429 599 0 0 0 585.203796 100.000000 100.000000 100.000000 -380.000000 263.000000 80.000000 -400.000000 400.000000 360.000000 2.000000 1.000000 0.500000 2.000000 0.400000 0.000000 0.500000 0.000000 0.000000 15.000000 2.000000 0.600000 -0.900000 -1.000000 0.300000 0.300000 0.300000 0.800000 0.800000 0.000000 0.500000 0.200000 1.000000 0.300000 0.300000 0.300000 0.800000 0.800000 0.000000 0.500000 0.200000 1.000000 0.500000 1.000000 1.000000 0.500000 0.500000 1.000000 1.000000 0.500000 45.000002 0.000000 699.000035 587.000000 5.000000 POTTERY.3DS PLANT.3DS WAGON.3DS 10.000000 1.000000 0.500000 10.000000 100.000000 220.000000 300.000000 5.000000 400.000000 400.000000 5.000000 700.000000 700.000000 46.000000 0.000000 0.000000 0.000000 90.000000 0.000000 0.000000 90.000000 0.000000 0.000000 90.000000 0.000000 0.000000 wall0.bmp wall1.bmp 