13 12 2 3 0
460.000021 404.000005 0.000000 460.000000 324.000000 0.000000
460.000000 324.000000 0.000000 314.000000 324.000000 0.000000
314.000000 324.000000 0.000000 313.999993 404.000005 0.000000
313.999993 404.000005 0.000000 134.000000 404.000000 0.000000
134.000000 404.000000 0.000000 134.000000 101.000000 0.000000
134.000000 101.000000 0.000000 307.000014 101.000001 0.000000
307.000014 101.000001 0.000000 307.000000 49.000000 0.000000
307.000000 49.000000 0.000000 424.000000 49.000000 0.000000
424.000000 49.000000 0.000000 423.999995 101.000001 0.000000
423.999995 101.000001 0.000000 569.000000 101.000000 0.000000
569.000000 101.000000 0.000000 569.000000 404.000000 0.000000
569.000000 404.000000 0.000000 460.000021 404.000005 0.000000
366.197942 323.999999 0.000000 366.904883 49.000000 0.000000

460.000021 404.000005 0.000000 460.000000 324.000000 0.000000 314.000000 324.000000 0.000000 313.999993 404.000005 0.000000 134.000000 404.000000 0.000000 134.000000 101.000000 0.000000 307.000014 101.000001 0.000000 307.000000 49.000000 0.000000 424.000000 49.000000 0.000000 423.999995 101.000001 0.000000 569.000000 101.000000 0.000000 569.000000 404.000000 0.000000 
366.727505 118.000000 0.000000 366.645243 150.000000 0.000000 12 536.000024 101.000004 0.000000 473.000005 101.000005 0.000000 9 
366.573264 177.999999 0.000000 366.370179 256.999999 0.000000 12 569.000022 143.000002 0.000000 569.000022 316.000004 0.000000 10 134.000006 155.000002 0.000000 134.000006 324.000004 0.000000 4 
